25.760740	36.008179	0.000000
25.559336	35.613274	0.026396
24.904844	34.332901	0.250422
23.856384	32.724655	0.348396
22.491903	30.991367	0.472845
20.885328	29.191479	0.620958
19.109007	27.328344	0.788514
17.227974	25.384766	0.807366
15.294222	23.336987	0.909101
13.346883	21.171757	1.037746
11.416787	18.884756	1.245087
9.541531	16.473215	1.331633
7.756775	13.994445	1.341051
6.084697	11.513962	1.562788
4.538907	9.081025	1.652951
3.124230	6.738071	1.671261
1.836474	4.513875	1.854665
0.661625	2.413267	1.900325
-0.422135	0.416097	1.947815
-1.444099	-1.526174	2.062122
-2.429511	-3.445694	2.148196
-3.396186	-5.349906	2.364223
-4.358986	-7.049653	2.426117
-5.315382	-7.847513	2.434427
-6.264902	-8.048856	2.601054
-7.111098	-7.726789	2.620207
-7.840961	-7.090693	2.796444
-8.409039	-6.339715	3.059122
-8.695384	-5.784050	3.080006
-8.712289	-5.347867	3.233910
-8.442710	-5.086617	3.273049
-7.936307	-4.914720	3.384934
-7.285572	-4.802180	3.479427
-6.557730	-4.736446	3.646278
-5.829212	-4.710143	3.723103
-5.216089	-4.690031	3.743748
-4.754828	-4.719138	3.908499
-4.495518	-4.765924	3.927897
-4.442942	-4.827756	4.046281
-4.551091	-4.914576	4.156537
-4.768750	-5.006722	4.234499
-5.061798	-5.115684	4.399234
-5.351140	-5.157523	4.417103
-5.604716	-5.152622	4.616217
-5.782724	-5.090517	4.678197
-5.824083	-4.958322	4.688424
-5.712670	-4.782770	4.775818
-5.467176	-4.586063	4.863818
-5.128116	-4.382451	4.975003
-4.736153	-4.164847	5.141570
-4.357868	-3.975208	5.153176
-4.051713	-3.827252	5.228172
-3.853747	-3.731266	5.319915
-3.781864	-3.695051	5.416850
-3.832140	-3.723553	5.520792
-3.995200	-3.833470	5.644882
-4.225982	-3.974023	5.678148
-4.499565	-4.164398	5.846624
-4.749313	-4.307681	5.857480
-4.936579	-4.425621	6.010252
-4.989039	-4.411252	6.036381
-4.880719	-4.270156	6.188061
-4.599892	-4.003109	6.214288
-4.161543	-3.643665	6.304039
-3.610625	-3.230286	6.415588
-2.972554	-2.729179	6.552273
-2.330659	-2.276425	6.565415
-1.754580	-1.887498	6.672123
-1.267624	-1.485188	6.821155
-0.933844	-1.103247	6.841348
-0.770520	-0.791194	7.009786
-0.786119	-0.586309	7.030119
-0.965204	-0.552520	7.101594
-1.269941	-0.648449	7.167875
-1.656419	-0.830993	7.271126
-2.101385	-1.109887	7.415348
-2.530400	-1.407438	7.431026
-2.889485	-1.697751	7.518508
-3.141433	-1.957628	7.623111
-3.247884	-2.142116	7.691949
-3.196710	-2.257055	7.865215
-2.986502	-2.203563	7.885095
-2.640040	-1.988367	7.960982
-2.172997	-1.638569	8.127300
-1.624641	-1.206343	8.216881
-1.074723	-0.847502	8.263295
-0.589405	-0.615536	8.364610
-0.217161	-0.530249	8.442850
0.024882	-0.593038	8.599450
0.097642	-0.811174	8.629473
-0.001113	-1.211055	8.790317
-0.256039	-1.672392	8.817589
-0.643912	-2.245805	8.977566
-1.105778	-2.745495	8.997695
-1.579295	-3.133333	9.143655
-2.032871	-3.488981	9.303386
-2.390643	-3.677034	9.337871
-2.623752	-3.726707	9.488616
-2.683299	-3.586843	9.526470
-2.544866	-3.257410	9.633255
-2.226268	-2.777281	9.748708
-1.763423	-2.126723	9.897531
-1.237184	-1.528003	9.927421
-0.706102	-0.959852	10.064448
-0.240208	-0.540713	10.146782
0.075305	-0.470369	10.173211
0.218364	-0.670068	10.340899
0.176916	-1.026290	10.359648
-0.024345	-1.509429	10.469121
-0.340104	-1.993818	10.542887
-0.710570	-2.339396	10.666175
-1.047647	-2.365272	10.694084
-1.290594	-2.124786	10.779819
-1.394213	-1.701388	10.877235
-1.373146	-1.098319	10.975370
-1.208998	-0.511860	11.031678
-0.907969	0.142766	11.195368
-0.503509	0.631657	11.217011
-0.028486	1.044763	11.346330
0.438652	1.217873	11.363467
0.844862	1.211712	11.540772
1.102780	1.029764	11.562013
1.195562	0.679748	11.681966
1.102314	0.301169	11.716053
0.847315	-0.157080	11.831818
0.473504	-0.621576	11.917358
0.042394	-0.993959	12.001000
-0.374287	-1.198228	12.096652
-0.711530	-1.204652	12.186669
-0.911510	-1.025144	12.276351
-0.916640	-0.744876	12.349994
-0.723920	-0.417692	12.431666
-0.361692	0.002910	12.523198
0.122428	0.462999	12.612950
0.662509	0.892397	12.760063
1.183970	1.232035	12.987091
1.643458	1.518415	13.031586
1.985070	1.663936	13.038252
2.112669	1.512499	13.054024
2.007442	1.127009	13.158122
1.697860	0.495061	13.257195
1.234044	-0.295937	13.376160
0.691360	-1.074275	13.459883
0.155945	-1.639862	13.550007
-0.270002	-1.715860	13.577301
-0.521813	-1.449352	13.654402
-0.599836	-0.975056	13.825549
-0.503670	-0.563936	13.846153
-0.273207	-0.325492	13.929618
0.024507	-0.297185	14.022532
0.317374	-0.478722	14.115468
0.542236	-0.826926	14.203572
0.663607	-1.268066	14.292170
0.687523	-1.813951	14.380527
0.624653	-2.326253	14.473070
0.496694	-2.640441	14.555922
0.337845	-2.559796	14.579512
0.190340	-2.196290	14.681809
0.094072	-1.609566	14.771629
0.054328	-0.954039	14.858295
0.121410	-0.561525	14.941693
0.301761	-0.272808	15.034660
0.586780	-0.102403	15.118379
0.943189	-0.073523	15.227775
1.318137	-0.181936	15.315025
1.616363	-0.368141	15.341107
1.805744	-0.650777	15.494222
1.838698	-0.923245	15.510262
1.716403	-1.248572	15.647875
1.456274	-1.596579	15.731110
1.091252	-1.915164	15.822662
0.689942	-2.087482	15.843057
0.310853	-2.138023	15.926325
-0.000809	-2.090132	16.011186
-0.207617	-1.947633	16.095617
-0.303948	-1.685308	16.281323
-0.268846	-1.358653	16.299537
-0.111602	-0.915450	16.424023
0.142079	-0.493530	16.444645
0.454438	0.002676	16.574549
0.776229	0.508790	16.656301
1.034507	0.764054	16.674352
1.194575	0.812216	16.824694
1.235719	0.616862	16.841177
1.176213	0.230239	16.960621
1.051239	-0.232457	17.061900
0.906806	-0.522137	17.088276
0.786806	-0.589428	17.190178
0.725572	-0.472937	17.284144
0.749825	-0.174978	17.367218
0.869874	0.189073	17.449498
1.072932	0.617912	17.610617
1.321274	0.905641	17.631109
1.566287	1.002635	17.747324
1.758651	0.912520	17.840260
1.873284	0.632445	17.930813
1.885074	0.168986	18.020960
1.783668	-0.421953	18.101842
1.577485	-0.901818	18.129494
1.298705	-1.243526	18.236165
0.984348	-1.466199	18.324902
0.653176	-1.641068	18.428116
0.334124	-1.740890	18.510514
0.080640	-1.718152	18.558279
-0.098388	-1.601013	18.700613
-0.176680	-1.434048	18.722195
-0.159669	-1.207407	18.890665
-0.052827	-0.998361	18.909402
0.125376	-0.776785	19.035393
0.336323	-0.615034	19.062582
0.547315	-0.480948	19.180042
0.720007	-0.386988	19.272531
0.817951	-0.351174	19.372898
0.815894	-0.379599	19.459641
0.700242	-0.468722	19.525397
0.480249	-0.606355	19.631160
0.196214	-0.745656	19.652789
-0.106529	-0.877793	19.756508
-0.402323	-1.021173	19.851687
-0.629674	-1.162396	19.930529
-0.743877	-1.232151	20.017336
-0.725850	-1.214606	20.109549
-0.559719	-1.053171	20.202101
-0.248075	-0.708534	20.305922
0.180666	-0.188132	20.371936
0.681577	0.448595	20.472983
1.196256	1.099481	20.539372
1.661300	1.658276	20.620626
2.026109	2.061520	20.697725
2.247737	2.232422	20.780942
2.282810	2.088623	20.863499
2.127080	1.716765	20.951813
1.807298	1.214075	21.036066
1.358294	0.564415	21.128390
0.830800	-0.130573	21.220713
0.290388	-0.735971	21.304690
-0.198171	-1.134758	21.401324
-0.549401	-1.169319	21.426373
-0.713731	-0.945255	21.507903
-0.677257	-0.592468	21.611936
-0.452630	-0.215711	21.702335
-0.068866	0.133107	21.792497
0.424002	0.513961	21.927203
0.993801	0.876049	22.013048
1.581236	1.159596	22.101083
2.070576	1.329665	22.183875
2.391411	1.327367	22.279820
2.537941	1.210942	22.396043
2.484041	1.019395	22.461500
2.243542	0.720534	22.617654
1.860677	0.385457	22.646241
1.396080	0.011939	22.760061
0.916231	-0.400550	22.837384
0.481671	-0.827928	22.911448
0.110418	-1.342236	23.064907
-0.139795	-1.715834	23.091020
-0.254280	-2.048220	23.212651
-0.229333	-2.284612	23.295706
-0.078095	-2.301267	23.378211
0.173983	-2.145895	23.448239
0.510485	-1.802230	23.605549
0.863068	-1.375159	23.635921
1.180586	-0.864530	23.797734
1.395463	-0.416313	23.871087
1.451409	-0.193270	23.957507
1.330871	-0.298849	24.043936
1.046357	-0.728046	24.144004
0.671372	-1.251774	24.224669
0.267675	-1.828518	24.320984
-0.068576	-2.117251	24.393672
-0.291577	-2.181386	24.569355
-0.352395	-1.967121	24.588240
-0.252346	-1.532919	24.751880
-0.020489	-0.986147	24.850323
0.292330	-0.457961	24.927117
